7.381, -11.476
7.37, -11.689
7.363, -11.903
7.359, -12.113
7.352, -12.325
7.344, -12.534
7.333, -12.743
7.324, -12.952
7.317, -13.16
7.309, -13.365
7.299, -13.573
7.292, -13.779
7.28, -13.985
7.272, -14.188
7.262, -14.392
7.251, -14.595
7.239, -14.798
7.231, -14.999
7.221, -15.199
7.212, -15.399
7.203, -15.597
7.193, -15.797
7.179, -15.996
7.169, -16.192
7.158, -16.39
7.149, -16.587
7.135, -16.786
7.123, -16.981
7.112, -17.176
7.099, -17.374
7.09, -17.568
7.077, -17.763
7.068, -17.966
7.055, -18.164
7.047, -18.354
7.034, -18.551
7.019, -18.748
7.006, -18.942
6.995, -19.134
6.985, -19.327
6.971, -19.52
6.955, -19.715
6.943, -19.908
6.929, -20.101
6.914, -20.294
6.902, -20.481
6.892, -20.672
6.875, -20.869
6.86, -21.066
6.848, -21.259
6.833, -21.453
6.819, -21.65
6.808, -21.85
6.792, -22.057
6.776, -22.268
6.759, -22.482
6.742, -22.699
6.726, -22.923
6.707, -23.153
6.686, -23.388
6.665, -23.626
6.646, -23.873
6.627, -24.123
6.606, -24.38
6.584, -24.646
6.56, -24.916
6.539, -25.191
6.517, -25.475
6.49, -25.768
6.465, -26.064
6.439, -26.368
6.408, -26.682
6.386, -27.002
6.356, -27.33
6.326, -27.664
6.298, -28.006
6.269, -28.354
6.24, -28.71
6.21, -29.073
6.177, -29.445
6.144, -29.821
6.114, -30.198
6.079, -30.588
6.046, -30.98
6.014, -31.373
5.98, -31.772
5.95, -32.174
5.919, -32.579
5.886, -32.99
5.854, -33.402
5.821, -33.817
5.787, -34.237
5.76, -34.664
5.727, -35.091
5.695, -35.522
5.66, -35.958
5.626, -36.394
5.592, -36.837
5.557, -37.282
5.521, -37.734
5.487, -38.188
5.454, -38.647
5.418, -39.111
5.381, -39.578
5.345, -40.047
5.312, -40.521
5.278, -41.0
5.241, -41.483
5.207, -41.97
5.174, -42.462
5.144, -42.956
5.115, -43.454
5.089, -43.952
5.059, -44.458
5.03, -44.971
5.0, -45.484
4.974, -45.999
4.945, -46.522
4.919, -47.044
4.895, -47.571
4.869, -48.1
4.847, -48.631
4.824, -49.167
4.8, -49.706
4.78, -50.246
4.762, -50.789
4.744, -51.336
4.726, -51.886
4.711, -52.437
4.696, -52.986
4.684, -53.536
4.668, -54.095
4.66, -54.65
4.65, -55.208
4.642, -55.766
4.632, -56.33
4.623, -56.896
4.617, -57.46
4.612, -58.028
4.61, -58.597
4.607, -59.166
4.606, -59.739
4.609, -60.314
4.607, -60.89
4.609, -61.468
4.614, -62.047
4.619, -62.627
4.625, -63.209
4.633, -63.793
4.642, -64.379
4.649, -64.968
4.658, -65.558
4.679, -66.149
4.69, -66.742
4.698, -67.337
4.71, -67.932
4.72, -68.53
4.731, -69.128
4.739, -69.727
4.748, -70.328
4.757, -70.933
4.765, -71.538
4.775, -72.144
4.783, -72.753
4.79, -73.361
4.799, -73.972
4.809, -74.586
4.82, -75.199
4.825, -75.814
4.832, -76.432
4.839, -77.048
4.849, -77.664
4.858, -78.282
4.865, -78.897
4.87, -79.512
4.877, -80.13
4.883, -80.747
4.892, -81.365
4.897, -81.981
4.901, -82.596
4.906, -83.214
4.914, -83.832
4.922, -84.45
4.927, -85.075
4.93, -85.701
4.931, -86.33
4.939, -86.962
4.945, -87.601
4.947, -88.247
4.952, -88.9
4.957, -89.56
4.959, -90.233
4.966, -90.914
4.97, -91.602
4.973, -92.301
4.975, -93.009
4.98, -93.729
4.985, -94.461
4.984, -95.204
4.987, -95.953
4.992, -96.716
4.994, -97.489
4.993, -98.272
4.994, -99.065
4.998, -99.871
4.999, -100.685
5.001, -101.508
5.002, -102.338
5.001, -103.178
5.004, -104.026
5.005, -104.884
5.002, -105.75
5.006, -106.622
5.007, -107.505
5.007, -108.395
5.004, -109.288
5.004, -110.192
5.004, -111.102
5.0, -112.016
4.997, -112.939
4.995, -113.87
4.994, -114.81
4.989, -115.754
4.986, -116.706
4.984, -117.661
4.981, -118.622
4.975, -119.594
4.973, -120.567
4.969, -121.55
4.963, -122.538
4.958, -123.532
4.955, -124.53
4.954, -125.534
4.944, -126.543
4.938, -127.558
4.932, -128.581
4.924, -129.61
4.915, -130.644
4.91, -131.682
4.903, -132.726
4.896, -133.775
4.886, -134.83
4.876, -135.893
4.868, -136.958
4.859, -138.028
4.848, -139.105
4.841, -140.184
4.829, -141.27
4.821, -142.363
4.811, -143.461
4.805, -144.568
4.804, -145.676
4.81, -146.782
4.812, -147.898
4.817, -149.019
4.813, -150.146
4.809, -151.279
4.81, -152.414
4.81, -153.556
4.81, -154.698
4.811, -155.846
4.811, -156.994
4.81, -158.142
4.812, -159.292
4.812, -160.446
4.814, -161.602
4.815, -162.757
4.815, -163.912
4.817, -165.07
4.817, -166.228
4.819, -167.389
4.819, -168.55
4.825, -169.71
4.828, -170.87
4.834, -172.034
4.842, -173.197
4.846, -174.364
4.85, -175.531
4.854, -176.696
4.856, -177.864
4.859, -179.029
4.863, -180.196
4.863, -181.368
4.863, -182.543
4.864, -183.716
4.861, -184.889
4.866, -186.065
4.868, -187.242
4.875, -188.419
4.874, -189.599
4.876, -190.783
4.878, -191.964
4.885, -193.149
4.89, -194.337
4.894, -195.526
4.898, -196.718
4.901, -197.912
4.909, -199.103
4.909, -200.305
4.916, -201.505
4.922, -202.702
4.924, -203.901
4.928, -205.108
4.933, -206.322
4.935, -207.542
4.939, -208.758
4.945, -209.972
4.953, -211.189
4.957, -212.416
4.959, -213.655
4.963, -214.892
4.965, -216.134
4.97, -217.373
4.969, -218.623
4.972, -219.874
4.971, -221.136
4.977, -222.4
4.981, -223.664
4.985, -224.93
4.987, -226.204
4.987, -227.483
4.986, -228.761
4.985, -230.039
4.981, -231.32
4.977, -232.606
4.975, -233.895
4.972, -235.185
4.969, -236.48
4.966, -237.772
4.964, -239.066
4.961, -240.363
4.955, -241.663
4.954, -242.97
4.946, -244.272
4.938, -245.574
4.932, -246.877
4.923, -248.183
4.921, -249.493
4.914, -250.807
4.911, -252.119
4.906, -253.433
4.901, -254.745
4.897, -256.058
4.892, -257.377
4.889, -258.7
4.883, -260.027
4.881, -261.348
4.879, -262.671
4.88, -263.996
4.881, -265.322
4.882, -266.648
4.883, -267.977
4.891, -269.318
4.897, -270.655
4.902, -271.997
4.908, -273.333
4.913, -274.669
4.919, -276.01
4.926, -277.355
4.93, -278.703
4.937, -280.047
4.943, -281.396
4.951, -282.747
4.955, -284.101
4.958, -285.456
4.961, -286.81
4.964, -288.171
4.962, -289.531
4.961, -290.893
4.959, -292.258
4.958, -293.622
4.958, -294.995
4.957, -296.366
4.954, -297.737
4.954, -299.109
4.949, -300.484
4.944, -301.865
4.941, -303.244
4.936, -304.626
4.933, -306.011
4.927, -307.4
4.922, -308.789
4.918, -310.175
4.916, -311.565
4.917, -312.96
4.917, -314.361
4.918, -315.759
4.918, -317.16
4.919, -318.56
4.924, -319.961
4.926, -321.368
4.929, -322.775
4.936, -324.189
4.937, -325.602
4.942, -327.012
4.945, -328.427
4.949, -329.845
4.956, -331.262
4.965, -332.679
4.968, -334.102
4.973, -335.529
4.977, -336.957
4.981, -338.379
4.985, -339.803
4.991, -341.234
4.994, -342.663
4.996, -344.091
4.999, -345.522
5.004, -346.955
5.008, -348.387
5.011, -349.822
5.016, -351.26
5.021, -352.709
5.026, -354.145
5.035, -355.583
5.038, -357.024
5.042, -358.464
5.046, -359.907
5.05, -361.352
5.056, -362.793
5.063, -364.238
5.069, -365.685
5.073, -367.135
5.077, -368.579
5.078, -370.021
5.077, -371.465
5.079, -372.916
5.079, -374.366
5.08, -375.812
5.08, -377.252
5.084, -378.69
5.079, -380.138
5.08, -381.584
5.077, -383.028
5.075, -384.468
5.07, -385.904
5.067, -387.341
5.064, -388.776
5.059, -390.212
5.057, -391.643
5.055, -393.074
5.051, -394.5
5.048, -395.924
5.043, -397.349
5.04, -398.77
5.032, -400.189
5.027, -401.602
5.019, -403.016
5.013, -404.428
5.006, -405.837
4.999, -407.243
4.991, -408.653
4.986, -410.061
4.976, -411.466
4.97, -412.868
4.961, -414.267
4.95, -415.668
4.942, -417.068
4.933, -418.463
4.925, -419.856
4.918, -421.252
4.912, -422.646
4.903, -424.04
4.891, -425.431
4.879, -426.821
4.87, -428.21
4.864, -429.595
4.858, -430.977
4.848, -432.362
4.84, -433.744
4.836, -435.124
4.833, -436.502
4.828, -437.88
4.827, -439.26
4.823, -440.637
4.823, -442.012
4.824, -443.383
4.825, -444.754
4.825, -446.125
4.827, -447.493
4.828, -448.86
4.832, -450.223
4.834, -451.586
4.845, -452.949
4.846, -454.307
4.849, -455.662
4.854, -457.018
4.859, -458.371
4.865, -459.722
4.874, -461.067
4.876, -462.409
4.885, -463.75
4.892, -465.091
4.899, -466.427
4.905, -467.764
4.915, -469.1
4.926, -470.432
4.935, -471.757
4.946, -473.083
4.958, -474.41
4.968, -475.733
4.979, -477.054
4.993, -478.366
5.002, -479.683
5.011, -480.997
5.02, -482.306
5.026, -483.615
5.032, -484.916
5.035, -486.215
5.042, -487.512
5.044, -488.812
5.046, -490.105
5.047, -491.392
5.047, -492.675
5.047, -495.23
5.045, -496.506
5.043, -497.776
5.042, -499.042
5.037, -500.301
5.036, -501.559
5.034, -502.812
5.037, -504.056
5.036, -505.295
5.033, -506.535
5.031, -507.773
5.03, -509.008
5.032, -510.234
5.038, -511.457
5.045, -512.67
5.045, -513.883
5.049, -515.08
5.051, -516.273
5.054, -517.46
5.054, -518.64
5.052, -519.81
5.052, -520.97
5.05, -522.126
5.046, -523.27
5.043, -524.406
5.04, -525.532
5.039, -526.649
5.038, -527.751
5.032, -528.846
5.029, -529.935
5.025, -531.014
5.028, -532.08
5.03, -533.135
5.031, -534.178
5.03, -535.216
5.027, -536.244
5.022, -537.261
5.023, -538.261
5.02, -539.248
5.015, -540.222
5.007, -541.178
5.001, -542.123
4.995, -543.051
4.984, -543.967
4.977, -544.865
4.968, -545.745
4.957, -546.614
4.943, -547.467
4.923, -548.31
4.894, -549.147
4.861, -549.977
4.812, -550.805
4.68, -552.442
4.591, -553.25
4.487, -554.051
4.362, -554.844
4.218, -555.626
4.057, -556.399
3.879, -557.163
3.682, -557.917
3.461, -558.657
3.22, -559.389
2.962, -560.108
2.684, -560.818
2.387, -561.518
2.068, -562.207
1.73, -562.885
1.368, -563.546
0.989, -564.193
0.594, -564.828
0.189, -565.449
-0.249, -566.051
-0.703, -566.642
-1.178, -567.22
-1.672, -567.781
-2.192, -568.327
-2.723, -568.853
-3.275, -569.365
-3.852, -569.861
-4.448, -570.34
-5.06, -570.8
-5.689, -571.242
-6.338, -571.662
-7.007, -572.059
-7.699, -572.432
-8.403, -572.785
-9.124, -573.119
-9.864, -573.427
-10.62, -573.711
-11.39, -573.977
-12.172, -574.226
-12.967, -574.447
-13.771, -574.647
-14.589, -574.834
-15.418, -575.006
-16.261, -575.157
-17.115, -575.288
-17.973, -575.407
-18.84, -575.516
-19.721, -575.618
-20.615, -575.704
-21.521, -575.774
-22.433, -575.833
-23.353, -575.885
-24.283, -575.933
-25.224, -575.98
-26.176, -576.021
-27.136, -576.052
-28.105, -576.08
-29.08, -576.103
-30.06, -576.116
-31.058, -576.132
-32.064, -576.143
-33.077, -576.146
-34.099, -576.145
-35.131, -576.141
-36.171, -576.135
-37.22, -576.126
-38.277, -576.119
-39.346, -576.106
-40.419, -576.097
-41.505, -576.099
-42.597, -576.108
-43.698, -576.114
-44.806, -576.117
-45.92, -576.123
-47.043, -576.129
-48.178, -576.134
-49.317, -576.139
-50.464, -576.145
-51.617, -576.151
-52.783, -576.154
-53.955, -576.159
-55.126, -576.166
-56.311, -576.17
-57.507, -576.175
-58.709, -576.181
-59.914, -576.189
-61.128, -576.198
-62.345, -576.203
-63.571, -576.209
-64.803, -576.214
-66.042, -576.223
-67.285, -576.23
-68.534, -576.235
-69.793, -576.242
-71.056, -576.246
-72.317, -576.248
-73.585, -576.251
-74.861, -576.252
-76.142, -576.251
-77.427, -576.252
-78.711, -576.25
-80.003, -576.249
-81.299, -576.244
-82.6, -576.242
-83.908, -576.239
-85.216, -576.233
-86.531, -576.228
-87.847, -576.223
-89.17, -576.217
-90.494, -576.21
-91.822, -576.203
-93.155, -576.194
-94.493, -576.186
-95.834, -576.18
-97.178, -576.172
-98.526, -576.167
-99.879, -576.161
-101.233, -576.154
-102.592, -576.149
-103.954, -576.142
-105.317, -576.14
-106.685, -576.136
-108.059, -576.128
-109.435, -576.123
-110.812, -576.115
-112.196, -576.107
-113.585, -576.098
-114.976, -576.091
-116.368, -576.082
-117.76, -576.076
-119.161, -576.072
-120.567, -576.06
-121.974, -576.052
-123.381, -576.043
-124.791, -576.03
-126.209, -576.019
-127.63, -576.007
-129.051, -575.995
-130.473, -575.986
-131.904, -575.973
-133.336, -575.959
-134.77, -575.945
-136.207, -575.933
-137.647, -575.923
-139.093, -575.911
-140.54, -575.899
-141.988, -575.889
-143.442, -575.882
-144.9, -575.875
-146.358, -575.869
-147.817, -575.867
-149.283, -575.866
-150.756, -575.868
-152.228, -575.873
-153.701, -575.879
-155.178, -575.884
-156.659, -575.888
-158.145, -575.895
-159.63, -575.902
-161.116, -575.913
-162.606, -575.925
-164.1, -575.945
-165.596, -575.956
-167.093, -575.968
-168.592, -575.982
-170.09, -576.0
-171.587, -576.012
-173.088, -576.028
-174.581, -576.039
-176.071, -576.052
-177.558, -576.067
-179.046, -576.082
-180.531, -576.097
-182.013, -576.111
-183.49, -576.123
-184.961, -576.133
-186.415, -576.142
-187.864, -576.152
-189.306, -576.166
-190.741, -576.181
-192.162, -576.197
-193.57, -576.216
-194.967, -576.232
-196.352, -576.249
-197.727, -576.265
-199.091, -576.284
-200.434, -576.3
-201.758, -576.32
-203.066, -576.337
-204.36, -576.351
-205.632, -576.36
-206.886, -576.363
-208.125, -576.364
-209.344, -576.358
-210.54, -576.342
-211.72, -576.319
-212.886, -576.282
-214.043, -576.234
-215.195, -576.177
-216.341, -576.102
-217.479, -576.021
-218.603, -575.912
-219.718, -575.788
-220.829, -575.648
-221.933, -575.493
-223.026, -575.324
-224.11, -575.134
-225.189, -574.924
-226.264, -574.698
-227.327, -574.454
-228.382, -574.195
-229.427, -573.919
-230.463, -573.626
-231.492, -573.313
-232.512, -572.98
-233.525, -572.633
-234.526, -572.264
-235.517, -571.877
-236.497, -571.47
-237.47, -571.041
-238.44, -570.6
-239.399, -570.131
-240.347, -569.647
-241.283, -569.143
-242.214, -568.624
-243.136, -568.087
-244.05, -567.528
-244.952, -566.947
-245.843, -566.35
-246.723, -565.736
-247.591, -565.102
-248.449, -564.448
-249.292, -563.77
-250.125, -563.08
-250.943, -562.372
-251.749, -561.643
-252.54, -560.895
-253.317, -560.133
-254.077, -559.355
-254.82, -558.554
-255.551, -557.741
-256.261, -556.907
-256.953, -556.056
-257.629, -555.188
-258.289, -554.303
-258.931, -553.402
-259.547, -552.486
-260.147, -551.559
-260.733, -550.618
-261.3, -549.663
-261.847, -548.695
-262.371, -547.711
-262.879, -546.716
-263.364, -545.705
-263.826, -544.685
-264.271, -543.656
-264.696, -542.612
-265.104, -541.56
-265.486, -540.498
-265.849, -539.424
-266.192, -538.342
-266.514, -537.258
-266.809, -536.163
-267.086, -535.057
-267.341, -533.939
-267.582, -532.814
-267.802, -531.687
-268.0, -530.555
-268.184, -529.416
-268.348, -528.268
-268.499, -527.117
-268.637, -525.961
-268.774, -524.797
-268.9, -523.629
-269.014, -522.453
-269.114, -521.274
-269.197, -520.087
-269.274, -518.895
-269.34, -517.697
-269.399, -516.494
-269.448, -515.29
-269.488, -514.077
-269.525, -512.858
-269.558, -511.633
-269.589, -510.402
-269.615, -509.167
-269.639, -507.928
-269.662, -506.684
-269.682, -505.432
-269.702, -504.174
-269.72, -502.911
-269.734, -501.647
-269.745, -500.378
-269.752, -499.102
-269.759, -497.821
-269.764, -496.537
-269.771, -495.248
-269.774, -493.953
-269.772, -492.652
-269.769, -491.344
-269.762, -490.034
-269.748, -488.721
-269.739, -487.405
-269.73, -486.081
-269.718, -484.75
-269.707, -483.417
-269.696, -482.081
-269.682, -480.741
-269.67, -479.395
-269.655, -478.042
-269.64, -476.688
-269.623, -475.332
-269.609, -473.97
-269.596, -472.599
-269.58, -471.226
-269.562, -469.853
-269.544, -468.473
-269.525, -467.087
-269.505, -465.698
-269.484, -464.309
-269.469, -462.919
-269.449, -461.52
-269.427, -460.112
-269.407, -458.705
-269.387, -457.296
-269.366, -455.88
-269.346, -454.459
-269.325, -453.038
-269.307, -451.613
-269.289, -450.184
-269.27, -448.749
-269.252, -447.311
-269.238, -445.872
-269.219, -444.427
-269.197, -442.979
-269.178, -441.526
-269.156, -440.069
-269.135, -438.61
-269.119, -437.149
-269.102, -435.686
-269.082, -434.219
-269.06, -432.744
-269.038, -431.266
-269.016, -429.786
-268.997, -428.302
-268.978, -426.814
-268.958, -425.322
-268.937, -423.83
-268.917, -422.332
-268.901, -420.829
-268.885, -419.324
-268.869, -417.816
-268.848, -416.303
-268.826, -414.789
-268.812, -413.273
-268.801, -411.753
-268.791, -410.228
-268.775, -408.701
-268.76, -407.169
-268.745, -405.635
-268.731, -404.1
-268.719, -402.562
-268.704, -401.024
-268.69, -399.488
-268.675, -397.948
-268.66, -396.405
-268.643, -394.863
-268.626, -393.325
-268.608, -391.787
-268.592, -390.251
-268.575, -388.714
-268.562, -387.18
-268.548, -385.649
-268.533, -384.116
-268.518, -382.582
-268.499, -381.049
-268.483, -379.524
-268.468, -378.002
-268.453, -376.479
-268.439, -374.956
-268.426, -373.435
-268.414, -371.92
-268.399, -370.405
-268.388, -368.888
-268.38, -367.375
-268.374, -365.867
-268.367, -364.361
-268.357, -362.853
-268.35, -361.345
-268.341, -359.84
-268.334, -358.336
-268.326, -356.831
-268.317, -355.327
-268.311, -353.827
-268.306, -352.324
-268.298, -350.82
-268.287, -349.316
-268.275, -347.814
-268.267, -346.313
-268.261, -344.815
-268.255, -343.313
-268.252, -341.814
-268.24, -340.311
-268.229, -338.811
-268.215, -337.309
-268.201, -335.807
-268.189, -334.304
-268.179, -332.802
-268.169, -331.301
-268.156, -329.795
-268.143, -328.293
-268.13, -326.788
-268.122, -325.282
-268.118, -323.773
-268.108, -322.263
-268.099, -320.755
-268.088, -319.247
-268.079, -317.737
-268.072, -316.225
-268.071, -314.712
-268.067, -313.201
-268.064, -311.685
-268.056, -310.169
-268.047, -308.655
-268.041, -307.136
-268.037, -305.615
-268.037, -304.096
-268.036, -302.577
-268.033, -301.057
-268.029, -299.531
-268.029, -298.002
-268.027, -296.474
-268.025, -294.951
-268.019, -293.426
-268.011, -291.895
-268.002, -290.362
-267.995, -288.833
-267.986, -287.302
-267.976, -285.768
-267.965, -284.233
-267.952, -282.694
-267.94, -281.159
-267.927, -279.622
-267.918, -278.082
-267.908, -276.54
-267.898, -275.001
-267.887, -273.463
-267.875, -271.921
-267.862, -270.376
-267.851, -268.83
-267.836, -267.283
-267.826, -265.738
-267.815, -264.194
-267.807, -262.644
-267.802, -261.093
-267.794, -259.541
-267.786, -257.99
-267.779, -256.439
-267.774, -254.888
-267.769, -253.331
-267.764, -251.774
-267.76, -250.216
-267.756, -248.659
-267.754, -247.1
-267.748, -245.536
-267.744, -243.973
-267.737, -242.408
-267.733, -240.841
-267.727, -239.272
-267.719, -237.704
-267.709, -236.131
-267.701, -234.553
-267.693, -232.975
-267.685, -231.4
-267.679, -229.821
-267.671, -228.236
-267.667, -226.648
-267.662, -225.059
-267.657, -223.472
-267.651, -221.882
-267.646, -220.287
-267.641, -218.688
-267.636, -217.089
-267.635, -215.489
-267.633, -213.887
-267.63, -212.283
-267.625, -210.677
-267.621, -209.069
-267.621, -207.458
-267.616, -205.844
-267.614, -204.23
-267.611, -202.614
-267.609, -200.997
-267.608, -199.379
-267.603, -197.756
-267.599, -196.129
-267.596, -194.504
-267.594, -192.879
-267.592, -191.25
-267.588, -189.616
-267.577, -187.992
-267.571, -186.36
-267.564, -184.724
-267.56, -183.087
-267.556, -181.449
-267.551, -179.809
-267.547, -178.166
-267.542, -176.521
-267.536, -174.878
-267.532, -173.229
-267.527, -171.582
-267.52, -169.933
-267.513, -168.285
-267.504, -166.633
-267.494, -164.981
-267.485, -163.328
-267.473, -161.674
-267.461, -160.021
-267.449, -158.368
-267.432, -156.714
-267.422, -155.066
-267.405, -153.41
-267.389, -151.757
-267.376, -150.104
-267.362, -148.449
-267.348, -146.795
-267.333, -145.141
-267.323, -143.488
-267.311, -141.833
-267.299, -140.181
-267.285, -138.532
-267.269, -136.883
-267.256, -135.23
-267.253, -133.579
-267.249, -131.922
-267.247, -130.269
-267.24, -128.619
-267.233, -126.973
-267.228, -125.324
-267.227, -123.673
-267.24, -122.017
-267.25, -120.361
-267.264, -118.712
-267.27, -117.066
-267.276, -115.419
-267.28, -113.77
-267.29, -112.117
-267.303, -110.468
-267.317, -108.824
-267.327, -107.177
-267.335, -105.53
-267.346, -103.883
-267.359, -102.234
-267.372, -100.582
-267.39, -98.941
-267.403, -97.303
-267.414, -95.659
-267.424, -94.007
-267.437, -92.361
-267.45, -90.722
-267.457, -89.085
-267.463, -87.438
-267.467, -85.787
-267.473, -84.14
-267.479, -82.496
-267.48, -80.848
-267.476, -79.199
-267.475, -77.547
-267.474, -75.898
-267.476, -74.248
-267.474, -72.594
-267.469, -70.94
-267.466, -69.289
-267.458, -67.633
-267.449, -65.977
-267.445, -64.323
-267.436, -62.667
-267.427, -61.008
-267.418, -59.347
-267.406, -57.69
-267.396, -56.028
-267.385, -54.366
-267.375, -52.702
-267.363, -51.041
-267.35, -49.378
-267.339, -47.714
-267.327, -46.048
-267.314, -44.382
-267.3, -42.715
-267.289, -41.048
-267.28, -39.38
-267.271, -37.71
-267.263, -36.039
-267.256, -34.368
-267.247, -32.696
-267.243, -31.023
-267.241, -29.351
-267.245, -27.679
-267.248, -26.005
-267.251, -24.328
-267.25, -22.65
-267.25, -20.972
-267.256, -19.297
-267.262, -17.621
-267.27, -15.941
-267.277, -14.262
-267.283, -12.586
-267.287, -10.91
-267.291, -9.234
-267.291, -7.555
-267.291, -5.879
-267.292, -4.204
-267.294, -2.529
-267.297, -0.851
-267.3, 0.824
-267.303, 2.497
-267.304, 4.172
-267.308, 5.845
-267.31, 7.518
-267.312, 9.188
-267.307, 10.857
-267.311, 12.531
-267.318, 14.203
-267.326, 15.872
-267.326, 17.542
-267.328, 19.211
-267.329, 20.88
-267.333, 22.549
-267.34, 24.216
-267.344, 25.881
-267.341, 27.548
-267.341, 29.219
-267.344, 30.884
-267.344, 32.55
-267.343, 34.213
-267.343, 35.877
-267.339, 37.542
-267.336, 39.207
-267.335, 40.868
-267.335, 42.533
-267.331, 44.198
-267.329, 45.86
-267.328, 47.519
-267.325, 49.181
-267.323, 50.845
-267.325, 52.507
-267.325, 54.166
-267.328, 55.823
-267.326, 57.486
-267.326, 59.151
-267.326, 60.816
-267.327, 62.475
-267.328, 64.136
-267.328, 65.801
-267.329, 67.463
-267.328, 69.132
-267.329, 70.8
-267.331, 72.469
-267.333, 74.138
-267.335, 75.808
-267.328, 77.474
-267.327, 79.149
-267.327, 80.824
-267.326, 82.5
-267.328, 84.175
-267.334, 85.855
-267.337, 87.537
-267.339, 89.216
-267.338, 90.894
-267.339, 92.574
-267.342, 94.26
-267.342, 95.945
-267.343, 97.633
-267.342, 99.322
-267.338, 101.01
-267.326, 102.705
-267.317, 104.394
-267.312, 106.086
-267.305, 107.779
-267.3, 109.476
-267.29, 111.17
-267.284, 112.869
-267.28, 114.568
-267.274, 116.267
-267.267, 117.97
-267.259, 119.675
-267.251, 121.38
-267.244, 123.084
-267.238, 124.79
-267.232, 126.5
-267.225, 128.208
-267.217, 129.918
-267.209, 131.63
-267.201, 133.346
-267.195, 135.063
-267.189, 136.779
-267.184, 138.494
-267.177, 140.212
-267.174, 141.934
-267.17, 143.657
-267.166, 145.377
-267.162, 147.098
-267.158, 148.823
-267.154, 150.55
-267.149, 152.281
-267.147, 154.008
-267.142, 155.738
-267.139, 157.469
-267.134, 159.202
-267.129, 160.937
-267.123, 162.671
-267.116, 164.407
-267.11, 166.146
-267.104, 167.882
-267.096, 169.621
-267.09, 171.361
-267.082, 173.104
-267.075, 174.849
-267.063, 176.594
-267.056, 178.338
-267.05, 180.082
-267.044, 181.832
-267.038, 183.584
-267.03, 185.332
-267.024, 187.076
-267.018, 188.829
-267.014, 190.585
-267.013, 192.337
-267.011, 194.091
-267.008, 195.848
-267.004, 197.607
-266.998, 199.367
-266.999, 201.129
-266.996, 202.89
-266.994, 204.652
-266.994, 206.416
-266.994, 208.182
-266.996, 209.95
-266.993, 211.722
-266.988, 213.49
-266.99, 215.261
-266.988, 217.032
-266.989, 218.808
-266.99, 220.584
-266.991, 222.361
-266.99, 224.142
-266.99, 225.924
-266.991, 227.707
-266.991, 229.488
-266.99, 231.273
-266.99, 233.057
-266.991, 234.847
-266.992, 236.635
-266.991, 238.424
-266.992, 240.215
-266.993, 242.004
-266.992, 243.792
-266.99, 245.581
-266.988, 247.375
-266.987, 249.169
-266.989, 250.957
-266.992, 252.744
-266.997, 254.536
-266.996, 256.331
-267.004, 258.119
-267.005, 259.911
-267.009, 261.704
-267.017, 263.498
-267.025, 265.287
-267.031, 267.079
-267.035, 268.871
-267.04, 270.667
-267.047, 272.462
-267.06, 274.249
-267.073, 276.04
-267.084, 277.835
-267.094, 279.63
-267.104, 281.422
-267.119, 283.213
-267.135, 285.007
-267.153, 286.802
-267.171, 288.597
-267.188, 290.392
-267.207, 292.183
-267.226, 293.967
-267.246, 295.761
-267.269, 297.556
-267.293, 299.351
-267.315, 301.146
-267.334, 302.94
-267.36, 304.731
-267.384, 306.527
-267.409, 308.321
-267.437, 310.115
-267.463, 311.909
-267.488, 313.705
-267.513, 315.501
-267.539, 317.296
-267.562, 319.091
-267.588, 320.883
-267.611, 322.678
-267.636, 324.476
-267.66, 326.273
-267.682, 328.067
-267.704, 329.863
-267.727, 331.661
-267.747, 333.457
-267.763, 335.256
-267.777, 337.052
-267.795, 338.85
-267.812, 340.648
-267.834, 342.445
-267.849, 344.241
-267.865, 346.037
-267.882, 347.838
-267.896, 349.638
-267.913, 351.436
-267.925, 353.233
-267.936, 355.03
-267.951, 356.826
-267.966, 358.623
-267.983, 360.423
-267.999, 362.225
-268.013, 364.024
-268.023, 365.82
-268.037, 367.618
-268.051, 369.414
-268.065, 371.212
-268.08, 373.012
-268.092, 374.81
-268.104, 376.61
-268.113, 378.411
-268.122, 380.21
-268.133, 382.009
-268.146, 383.813
-268.162, 385.615
-268.175, 387.416
-268.194, 389.216
-268.212, 391.015
-268.227, 392.815
-268.239, 394.617
-268.254, 396.42
-268.27, 398.224
-268.279, 400.027
-268.293, 401.83
-268.308, 403.628
-268.32, 405.431
-268.333, 407.234
-268.347, 409.04
-268.357, 410.843
-268.369, 412.645
-268.379, 414.448
-268.386, 416.252
-268.396, 418.054
-268.401, 419.859
-268.41, 421.66
-268.409, 423.454
-268.412, 425.255
-268.417, 427.055
-268.421, 428.853
-268.42, 430.651
-268.417, 432.45
-268.414, 434.248
-268.412, 436.043
-268.406, 437.836
-268.405, 439.632
-268.407, 441.424
-268.405, 443.213
-268.4, 445.005
-268.397, 446.796
-268.394, 448.589
-268.392, 450.378
-268.392, 452.167
-268.39, 453.951
-268.39, 455.739
-268.389, 457.524
-268.387, 459.309
-268.388, 461.093
-268.391, 462.874
-268.398, 464.655
-268.393, 466.434
-268.397, 468.212
-268.4, 469.992
-268.403, 471.772
-268.409, 473.546
-268.413, 475.324
-268.417, 477.1
-268.421, 478.875
-268.423, 480.65
-268.421, 482.423
-268.419, 484.195
-268.418, 485.967
-268.419, 487.737
-268.42, 489.507
-268.418, 491.277
-268.418, 493.044
-268.406, 494.817
-268.412, 496.584
-268.416, 498.353
-268.418, 500.119
-268.407, 501.883
-268.405, 503.648
-268.405, 505.414
-268.411, 507.182
-268.41, 508.949
-268.407, 510.712
-268.408, 512.474
-268.414, 514.238
-268.42, 516.003
-268.426, 517.769
-268.427, 519.533
-268.425, 521.295
-268.429, 523.055
-268.431, 524.82
-268.437, 526.585
-268.438, 528.347
-268.441, 530.111
-268.44, 531.871
-268.439, 533.63
-268.444, 535.39
-268.446, 537.151
-268.446, 538.91
-268.447, 540.668
-268.446, 542.429
-268.452, 544.193
-268.453, 545.954
-268.449, 547.708
-268.451, 549.466
-268.452, 551.226
-268.45, 552.986
-268.449, 554.743
-268.448, 556.5
-268.448, 558.259
-268.449, 560.017
-268.45, 561.773
-268.448, 563.531
-268.448, 565.29
-268.447, 567.049
-268.451, 568.801
-268.452, 570.55
-268.454, 572.299
-268.455, 574.048
-268.45, 575.796
-268.451, 577.538
-268.447, 579.276
-268.447, 581.014
-268.448, 582.75
-268.449, 584.48
-268.45, 586.201
-268.453, 587.923
-268.453, 589.648
-268.455, 591.369
-268.456, 593.082
-268.461, 594.791
-268.464, 596.499
-268.468, 598.205
-268.471, 599.908
-268.473, 601.605
-268.475, 603.301
-268.474, 604.997
-268.479, 606.689
-268.482, 608.372
-268.485, 610.054
-268.488, 611.73
-268.49, 613.405
-268.494, 615.079
-268.493, 616.751
-268.497, 618.415
-268.5, 620.076
-268.504, 621.735
-268.508, 623.387
-268.509, 625.034
-268.512, 626.677
-268.513, 628.323
-268.518, 629.961
-268.526, 631.588
-268.529, 633.21
-268.534, 634.837
-268.539, 636.458
-268.545, 638.069
-268.551, 639.678
-268.56, 641.285
-268.568, 642.885
-268.578, 644.484
-268.587, 646.083
-268.595, 647.674
-268.601, 649.26
-268.612, 650.843
-268.624, 652.425
-268.637, 654.002
-268.648, 655.581
-268.653, 657.158
-268.663, 658.729
-268.671, 660.301
-268.677, 661.867
-268.685, 663.432
-268.691, 664.997
-268.696, 666.56
-268.7, 668.119
-268.704, 669.678
-268.708, 671.239
-268.712, 672.793
-268.716, 674.346
-268.721, 675.903
-268.723, 677.461
-268.725, 679.013
-268.726, 680.563
-268.725, 682.114
-268.722, 683.669
-268.722, 685.219
-268.72, 686.769
-268.717, 688.32
-268.715, 689.872
-268.714, 691.421
-268.715, 692.966
-268.714, 694.512
-268.715, 696.057
-268.713, 697.603
-268.71, 699.146
-268.713, 700.685
-268.716, 702.221
-268.716, 703.755
-268.718, 705.287
-268.716, 706.82
-268.715, 708.347
-268.713, 709.867
-268.713, 711.386
-268.711, 712.906
-268.708, 714.408
-268.711, 715.915
-268.716, 717.418
-268.717, 718.925
-268.718, 720.43
-268.718, 721.926
-268.715, 723.415
-268.717, 724.899
-268.722, 726.382
-268.726, 727.862
-268.729, 729.343
-268.728, 730.818
-268.726, 732.289
-268.727, 733.749
-268.726, 735.21
-268.73, 736.665
-268.733, 738.118
-268.736, 739.567
-268.736, 741.01
-268.74, 742.447
-268.743, 743.88
-268.745, 745.303
-268.751, 746.71
-268.755, 748.121
-268.759, 749.524
-268.764, 750.919
-268.768, 752.309
-268.77, 753.689
-268.772, 755.063
-268.772, 756.427
-268.775, 757.786
-268.781, 759.137
-268.781, 760.482
-268.785, 761.814
-268.785, 763.145
-268.779, 764.464
-268.764, 765.769
-268.738, 767.057
-268.706, 768.329
-268.67, 769.589
-268.627, 770.832
-268.572, 772.068
-268.503, 773.292
-268.423, 774.493
-268.331, 775.674
-268.228, 776.838
-268.116, 777.989
-267.988, 779.128
-267.849, 780.247
-267.694, 781.354
-267.524, 782.442
-267.343, 783.512
-267.152, 784.566
-266.95, 785.61
-266.733, 786.64
-266.507, 787.656
-266.27, 788.655
-266.02, 789.637
-265.752, 790.606
-265.475, 791.562
-265.184, 792.497
-264.877, 793.418
-264.556, 794.323
-264.224, 795.207
-263.881, 796.079
-263.523, 796.934
-263.147, 797.776
-262.752, 798.603
-262.339, 799.411
-261.909, 800.209
-261.462, 800.988
-260.995, 801.752
-260.511, 802.496
-260.01, 803.229
-259.492, 803.942
-258.955, 804.631
-258.404, 805.291
-257.835, 805.936
-257.253, 806.564
-256.651, 807.166
-256.037, 807.744
-255.41, 808.295
-254.767, 808.824
-254.109, 809.328
-253.443, 809.806
-252.761, 810.252
-252.07, 810.669
-251.369, 811.059
-250.658, 811.424
-249.939, 811.763
-249.209, 812.071
-248.47, 812.351
-247.721, 812.605
-246.97, 812.829
-246.214, 813.023
-245.454, 813.188
-244.691, 813.325
-243.923, 813.434
-243.153, 813.516
-242.379, 813.568
-241.604, 813.591
-240.827, 813.586
-240.05, 813.557
-239.269, 813.492
-238.487, 813.398
-237.704, 813.274
-236.92, 813.115
-236.138, 812.925
-235.356, 812.706
-234.575, 812.461
-233.799, 812.182
-233.022, 811.877
-232.245, 811.544
-231.474, 811.185
-230.705, 810.792
-229.942, 810.379
-229.18, 809.942
-228.422, 809.482
-227.664, 808.999
-226.909, 808.497
-226.155, 807.975
-225.403, 807.433
-224.657, 806.878
-223.906, 806.308
-223.154, 805.72
-222.405, 805.116
-221.66, 804.493
-220.913, 803.857
-220.165, 803.211
-219.411, 802.559
-218.655, 801.898
-217.894, 801.224
-217.131, 800.536
-216.368, 799.837
-215.608, 799.13
-214.847, 798.411
-214.078, 797.684
-213.305, 796.948
-212.527, 796.203
-211.751, 795.451
-210.968, 794.69
-210.181, 793.923
-209.392, 793.144
-208.593, 792.363
-207.789, 791.576
-206.982, 790.779
-206.173, 789.979
-205.359, 789.17
-204.542, 788.355
-203.719, 787.533
-202.89, 786.705
-202.055, 785.87
-201.216, 785.03
-200.377, 784.185
-199.532, 783.333
-198.679, 782.476
-197.821, 781.613
-196.96, 780.744
-196.09, 779.871
-195.218, 778.996
-194.341, 778.118
-193.456, 777.232
-192.569, 776.34
-191.678, 775.448
-190.782, 774.549
-189.881, 773.645
-188.976, 772.733
-188.064, 771.819
-187.149, 770.902
-186.231, 769.983
-185.306, 769.056
-184.373, 768.129
-183.442, 767.193
-182.503, 766.254
-181.561, 765.313
-180.615, 764.368
-179.667, 763.419
-178.712, 762.466
-177.751, 761.505
-176.787, 760.543
-175.818, 759.577
-174.846, 758.61
-173.872, 757.637
-172.896, 756.662
-171.916, 755.685
-170.928, 754.705
-169.936, 753.717
-168.942, 752.726
-167.949, 751.731
-166.955, 750.734
-165.959, 749.732
-164.958, 748.726
-163.956, 747.718
-162.95, 746.707
-161.94, 745.695
-160.926, 744.685
-159.915, 743.67
-158.901, 742.652
-157.882, 741.629
-156.865, 740.604
-155.844, 739.583
-154.823, 738.558
-153.794, 737.53
-152.763, 736.504
-151.734, 735.472
-150.706, 734.44
-149.671, 733.41
-148.637, 732.377
-147.599, 731.342
-146.559, 730.301
-145.514, 729.263
-144.469, 728.225
-143.425, 727.188
-142.381, 726.146
-141.33, 725.106
-140.28, 724.061
-139.223, 723.017
-138.163, 721.972
-137.106, 720.927
-136.049, 719.881
-134.988, 718.832
-133.928, 717.779
-132.861, 716.726
-131.792, 715.672
-130.725, 714.622
-129.661, 713.566
-128.589, 712.51
-127.518, 711.447
-126.447, 710.385
-125.377, 709.321
-124.304, 708.255
-123.228, 707.186
-122.154, 706.116
-121.076, 705.048
-119.996, 703.977
-118.918, 702.905
-117.837, 701.83
-116.756, 700.757
-115.676, 699.681
-114.592, 698.605
-113.51, 697.527
-112.424, 696.447
-111.337, 695.37
-110.254, 694.294
-109.17, 693.214
-108.084, 692.135
-106.999, 691.06
-105.918, 689.982
-104.832, 688.906
-103.747, 687.826
-102.662, 686.751
-101.578, 685.672
-100.49, 684.591
-99.402, 683.512
-98.317, 682.435
-97.236, 681.359
-96.153, 680.282
-95.066, 679.204
-93.987, 678.122
-92.91, 677.042
-91.832, 675.96
-90.752, 674.877
-89.669, 673.789
-88.593, 672.705
-87.519, 671.622
-86.443, 670.533
-85.368, 669.447
-84.293, 668.362
-83.223, 667.279
-82.151, 666.198
-81.075, 665.116
-80.002, 664.032
-78.93, 662.952
-77.86, 661.869
-76.791, 660.789
-75.722, 659.708
-74.655, 658.63
-73.586, 657.553
-72.522, 656.479
-71.46, 655.404
-70.398, 654.329
-69.332, 653.256
-68.267, 652.179
-67.207, 651.109
-66.152, 650.046
-65.101, 648.982
-64.043, 647.912
-62.987, 646.84
-61.933, 645.773
-60.885, 644.711
-59.833, 643.65
-58.78, 642.587
-57.733, 641.527
-56.684, 640.466
-55.635, 639.407
-54.589, 638.348
-53.537, 637.291
-52.486, 636.234
-51.438, 635.179
-50.393, 634.122
-49.341, 633.067
-48.291, 632.011
-47.242, 630.955
-46.191, 629.906
-45.14, 628.851
-44.088, 627.796
-43.035, 626.744
-41.984, 625.693
-40.93, 624.644
-39.877, 623.596
-38.822, 622.548
-37.771, 621.499
-35.662, 619.408
-34.61, 618.366
-33.56, 617.324
-32.509, 616.285
-31.456, 615.244
-30.401, 614.209
-29.354, 613.177
-28.308, 612.143
-27.259, 611.11
-26.21, 610.074
-25.165, 609.045
-24.121, 608.024
-23.074, 607.004
-22.035, 605.977
-21.007, 604.948
-19.981, 603.899
-18.96, 602.862
-17.947, 601.827
-16.943, 600.795
-15.952, 599.762
-14.971, 598.726
-14.001, 597.691
-13.043, 596.657
-12.097, 595.621
-11.169, 594.578
-10.258, 593.531
-9.364, 592.48
-8.488, 591.426
-7.623, 590.369
-6.768, 589.302
-5.923, 588.228
-5.099, 587.144
-4.301, 586.049
-3.525, 584.946
-2.77, 583.834
-2.035, 582.709
-0.599, 580.445
0.08, 579.295
0.738, 578.138
1.378, 576.975
1.991, 575.802
2.587, 574.621
3.17, 573.43
3.737, 572.232
4.278, 571.018
4.8, 569.795
5.301, 568.566
5.78, 567.325
6.243, 566.071
6.684, 564.805
7.101, 563.53
7.502, 562.253
7.881, 560.968
8.238, 559.67
8.577, 558.354
8.891, 557.037
9.181, 555.717
9.451, 554.388
9.699, 553.05
9.923, 551.707
10.126, 550.359
10.307, 549.003
10.469, 547.641
10.602, 546.271
10.717, 544.894
10.815, 543.522
10.891, 542.144
10.948, 540.758
10.993, 539.363
11.018, 537.965
11.028, 536.568
11.025, 535.17
11.019, 533.763
11.006, 532.35
10.994, 530.936
10.981, 529.519
10.968, 528.092
10.947, 526.668
10.92, 525.239
10.889, 523.809
10.854, 522.374
10.811, 520.928
10.766, 519.487
10.715, 518.04
10.664, 516.594
10.61, 515.139
10.561, 513.681
10.509, 512.219
10.456, 510.755
10.407, 509.289
10.358, 507.82
10.306, 506.349
10.251, 504.878
10.191, 503.401
10.131, 501.926
10.076, 500.448
10.024, 498.959
9.97, 497.472
9.92, 495.983
9.869, 494.498
9.82, 493.009
9.773, 491.522
9.732, 490.031
9.69, 488.538
9.647, 487.043
9.61, 485.551
9.57, 484.057
9.539, 482.564
9.502, 481.07
9.47, 479.576
9.433, 478.079
9.399, 476.585
9.365, 475.096
9.33, 473.604
9.301, 472.113
9.27, 470.621
9.244, 469.13
9.221, 467.645
9.198, 466.157
9.177, 464.67
9.155, 463.188
9.135, 461.708
9.114, 460.22
9.094, 458.734
9.077, 457.252
9.057, 455.775
9.037, 454.296
9.017, 452.818
8.999, 451.34
8.979, 449.861
8.958, 448.385
8.937, 446.912
8.916, 445.443
8.892, 443.971
8.87, 442.498
8.848, 441.03
8.827, 439.562
8.805, 438.089
8.784, 436.618
8.762, 435.147
8.741, 433.675
8.723, 432.213
8.704, 430.75
8.687, 429.285
8.671, 427.817
8.656, 426.353
8.642, 424.89
8.633, 423.431
8.623, 421.968
8.614, 420.504
8.603, 419.041
8.594, 417.579
8.587, 416.12
8.584, 414.661
8.58, 413.207
8.576, 411.747
8.573, 410.287
8.569, 408.831
8.566, 407.377
8.561, 405.924
8.556, 404.468
8.552, 403.009
8.551, 401.557
8.548, 400.11
8.548, 398.657
8.546, 397.202
8.547, 395.748
8.544, 394.299
8.545, 392.848
8.548, 391.401
8.549, 389.951
8.55, 388.505
8.548, 387.058
8.545, 385.61
8.548, 384.167
8.549, 382.718
8.553, 381.268
8.553, 379.817
8.551, 378.369
8.55, 376.926
8.548, 375.484
8.547, 374.035
8.544, 372.581
8.543, 371.127
8.542, 369.677
8.539, 368.229
8.533, 366.773
8.528, 365.317
8.523, 363.865
8.518, 362.409
8.512, 360.953
8.506, 359.494
8.499, 358.033
8.492, 356.573
8.483, 355.112
8.476, 353.652
8.47, 352.194
8.46, 350.731
8.447, 349.265
8.434, 347.805
8.419, 346.343
8.404, 344.879
8.39, 343.422
8.378, 341.966
8.37, 340.509
8.359, 339.048
8.349, 337.587
8.338, 336.126
8.326, 334.67
8.316, 333.213
8.31, 331.753
8.298, 330.295
8.291, 328.841
8.282, 327.387
8.275, 325.933
8.269, 324.481
8.265, 323.029
8.257, 321.575
8.249, 320.122
8.245, 318.672
8.244, 317.224
8.237, 315.778
8.23, 314.332
8.221, 312.889
8.213, 311.445
8.208, 310.003
8.202, 308.563
8.195, 307.122
8.186, 305.685
8.181, 304.254
8.176, 302.826
8.172, 301.396
8.171, 299.968
8.169, 298.542
8.167, 297.123
8.164, 295.703
8.16, 294.285
8.159, 292.869
8.157, 291.457
8.157, 290.046
8.165, 288.632
8.169, 287.227
8.171, 285.824
8.178, 284.423
8.183, 283.023
8.188, 281.623
8.192, 280.231
8.197, 278.839
8.203, 277.444
8.208, 276.051
8.214, 274.662
8.219, 273.272
8.224, 271.886
8.229, 270.496
8.235, 269.106
8.238, 267.718
8.24, 266.331
8.243, 264.944
8.246, 263.56
8.253, 262.175
8.266, 260.781
8.276, 259.389
8.283, 257.998
8.288, 256.61
8.294, 255.227
8.298, 253.842
8.307, 252.456
8.316, 251.072
8.324, 249.69
8.33, 248.31
8.339, 246.93
8.35, 245.552
8.36, 244.178
8.373, 242.802
8.383, 241.427
8.392, 240.058
8.401, 238.694
8.411, 237.332
8.418, 235.968
8.424, 234.603
8.43, 233.245
8.437, 231.888
8.439, 230.535
8.444, 229.184
8.447, 227.831
8.445, 226.482
8.446, 225.143
8.447, 223.803
8.449, 222.458
8.452, 221.118
8.453, 219.782
8.456, 218.454
8.458, 217.127
8.469, 214.469
8.477, 213.146
8.483, 211.827
8.495, 210.513
8.502, 209.195
8.513, 207.883
8.525, 206.568
8.536, 205.261
8.543, 203.956
8.551, 202.657
8.56, 201.355
8.569, 200.053
8.576, 198.752
8.587, 197.457
8.595, 196.167
8.607, 194.878
8.617, 193.588
8.621, 192.295
8.628, 191.007
8.635, 189.722
8.638, 188.438
8.642, 187.157
8.648, 185.876
8.653, 184.596
8.659, 183.317
8.665, 182.041
8.672, 180.765
8.68, 179.494
8.687, 178.227
8.691, 176.956
8.703, 175.683
8.712, 174.418
8.719, 173.157
8.729, 171.902
8.737, 170.644
8.746, 169.385
8.752, 168.13
8.759, 166.877
8.768, 165.628
8.775, 164.38
8.781, 163.135
8.787, 161.891
8.791, 160.648
8.792, 159.407
8.795, 158.17
8.799, 156.937
8.804, 155.706
8.81, 154.474
8.813, 153.245
8.813, 152.019
8.822, 150.797
8.827, 149.573
8.83, 148.348
8.837, 147.129
8.84, 145.916
8.845, 144.705
8.852, 143.494
8.858, 142.284
8.861, 141.076
8.865, 139.87
8.872, 138.668
8.875, 137.468
8.881, 136.271
8.89, 135.076
8.89, 133.88
8.892, 132.69
8.894, 131.501
8.895, 130.314
8.896, 129.127
8.897, 127.942
8.898, 126.768
8.898, 125.592
8.896, 124.413
8.892, 123.237
8.89, 122.064
8.889, 120.896
8.884, 119.724
8.882, 118.555
8.877, 117.387
8.872, 116.224
8.866, 115.062
8.858, 113.899
8.85, 112.738
8.843, 111.582
8.834, 110.429
8.824, 109.278
8.817, 108.127
8.808, 106.974
8.798, 105.826
8.788, 104.683
8.783, 103.544
8.771, 102.404
8.761, 101.265
8.75, 100.13
8.74, 99.004
8.729, 97.881
8.72, 96.761
8.71, 95.645
8.699, 94.535
8.688, 93.434
8.677, 92.338
8.667, 91.251
8.653, 90.166
8.643, 89.094
8.635, 88.025
8.628, 86.964
8.619, 85.911
8.606, 84.864
8.597, 83.824
8.59, 82.791
8.587, 81.761
8.583, 80.743
8.576, 79.735
8.569, 78.731
8.564, 77.731
8.56, 76.738
8.553, 75.754
8.546, 74.782
8.54, 73.812
8.544, 72.853
8.537, 71.903
8.529, 70.96
8.528, 70.031
8.519, 69.114
8.517, 68.201
8.509, 67.296
8.502, 66.395
8.497, 65.495
8.492, 64.599
8.486, 63.701
8.489, 62.809
8.485, 61.917
8.481, 61.029
8.475, 60.143
8.468, 59.257
8.461, 58.373
8.455, 57.493
8.444, 56.61
8.435, 55.732
8.427, 54.849
8.417, 53.97
8.407, 53.088
8.399, 52.206
8.393, 51.326
8.382, 50.443
8.371, 49.559
8.364, 48.679
8.356, 47.803
8.346, 46.923
8.333, 46.047
8.33, 45.176
8.324, 44.314
8.319, 43.466
8.311, 42.625
8.31, 41.796
8.306, 40.975
8.305, 40.171
8.303, 39.381
8.303, 38.605
8.304, 37.834
8.304, 37.062
8.308, 36.291
8.311, 35.521
8.315, 34.753
8.32, 33.99
8.324, 33.223
8.324, 32.454
8.323, 31.678
8.319, 30.895
8.31, 30.108
8.305, 29.311
8.29, 28.511
8.269, 27.705
8.248, 26.894
8.222, 26.074
8.191, 25.249
8.153, 24.415
8.115, 23.572
8.073, 22.722
8.027, 21.868
7.974, 21.007
7.924, 20.139
7.872, 19.265
7.818, 18.382
7.756, 17.493
7.693, 16.593
7.634, 15.688
7.571, 14.779
7.505, 13.865
7.429, 12.944
7.356, 12.014
7.285, 11.079
7.214, 10.136
7.138, 9.188
7.057, 8.234
6.979, 7.276
6.906, 6.309
6.835, 5.338
6.764, 4.358
6.694, 3.371
6.628, 2.38
6.561, 1.385
6.504, 0.384
6.447, -0.623
6.393, -1.634
6.347, -2.649
6.3, -3.665
6.254, -4.684
6.203, -5.708
6.149, -6.733
6.102, -7.761
6.057, -8.794
6.015, -9.824
5.973, -10.851
5.934, -11.88
5.899, -12.908
5.864, -13.939
5.829, -14.973
5.796, -16.008
5.765, -17.038
5.737, -18.066
5.709, -19.091
5.682, -20.119
5.66, -21.145
5.637, -22.171
5.615, -23.194
5.596, -24.216
5.577, -25.238
5.56, -26.257
5.541, -27.274
5.527, -28.293
5.515, -29.308
5.501, -30.319
5.486, -31.327
5.473, -32.33
5.464, -33.327
5.457, -34.314
5.448, -35.294
5.441, -36.269
5.434, -37.232
5.432, -38.186
5.427, -39.132
5.422, -40.069
5.417, -40.996
5.416, -41.906
5.413, -42.809
5.413, -43.702
5.412, -44.579
5.406, -45.448
5.407, -46.299
5.409, -47.145
5.408, -47.972
5.406, -48.791
5.403, -49.597
5.403, -50.392
5.405, -51.178
5.405, -51.955
5.404, -52.725
5.404, -53.485
5.404, -54.237
5.4, -54.98
5.4, -55.714
5.405, -56.445
5.403, -57.168
5.395, -57.882
5.395, -58.59
5.399, -59.29
5.402, -59.982
5.398, -60.672
5.396, -61.358
5.39, -62.042
5.391, -62.72
5.39, -63.393
5.389, -64.062
5.388, -64.727
5.388, -65.39
5.388, -66.046
5.386, -66.7
5.385, -67.35
5.385, -67.994
5.382, -68.634
5.38, -69.268
5.379, -69.896
5.381, -70.515
5.378, -71.129
5.376, -71.735
5.375, -72.331
5.372, -72.919
5.369, -73.497
5.366, -74.068
5.363, -74.629
5.36, -75.181
